index,dst_port,protocol,flow_duration,tot_fwd_pkts,tot_bwd_pkts,totlen_fwd_pkts,totlen_bwd_pkts,fwd_pkt_len_max,fwd_pkt_len_min,fwd_pkt_len_mean,fwd_pkt_len_std,bwd_pkt_len_max,bwd_pkt_len_min,bwd_pkt_len_mean,bwd_pkt_len_std,flow_byts/s,flow_pkts/s,flow_iat_mean,flow_iat_std,flow_iat_max,flow_iat_min,fwd_iat_tot,fwd_iat_mean,fwd_iat_std,fwd_iat_max,fwd_iat_min,bwd_iat_tot,bwd_iat_mean,bwd_iat_std,bwd_iat_max,bwd_iat_min,fwd_psh_flags,bwd_psh_flags,fwd_urg_flags,bwd_urg_flags,fwd_header_len,bwd_header_len,fwd_pkts/s,bwd_pkts/s,pkt_len_min,pkt_len_max,pkt_len_mean,pkt_len_std,pkt_len_var,fin_flag_cnt,syn_flag_cnt,rst_flag_cnt,psh_flag_cnt,ack_flag_cnt,urg_flag_cnt,cwe_flag_count,ece_flag_cnt,down/up_ratio,pkt_size_avg,fwd_seg_size_avg,bwd_seg_size_avg,fwd_byts/b_avg,fwd_pkts/b_avg,fwd_blk_rate_avg,bwd_byts/b_avg,bwd_pkts/b_avg,bwd_blk_rate_avg,subflow_fwd_pkts,subflow_fwd_byts,subflow_bwd_pkts,subflow_bwd_byts,init_fwd_win_byts,init_bwd_win_byts,fwd_act_data_pkts,fwd_seg_size_min,active_mean,active_std,active_max,active_min,idle_mean,idle_std,idle_max,idle_min
2946,52355,6,1,3,0,77,0,46,0,25.66666667,23.45918441,0,0,0.0,0.0,77000000.0,3000000.0,0.5,0.707106781,1,0,1,0.5,0.707106781,1,0,0,0.0,0.0,0,0,1,0,0,0,60,0,3000000.0,0.0,0,46,30.75,21.68524844,470.25,0,1,0,0,1,0,0,0,0,41.0,25.66666667,0.0,0,0,0,0,0,0,3,77,0,0,123,-1,1,20,0.0,0.0,0,0,0.0,0.0,0,0
2982,443,6,6124166,10,12,646,3485,322,0,64.6,114.0333285,1432,0,290.4166667,476.4526989,674.5408273,3.592325878,291626.9524,1307888.998,5999475,0,6124166,680462.8889,1994740.262,5999618,757,6112605,555691.3636,1805621.197,5999500,0,0,0,0,0,212,252,1.632875399,1.959450479,0,1432,179.6086957,364.6904963,132999.1581,0,0,1,1,0,0,0,1,1,187.7727273,64.6,290.4166667,0,0,0,0,0,0,10,646,12,3485,8192,66,3,20,124548.0,0.0,124548,124548,5999475.0,0.0,5999475,5999475
2993,443,6,15707756,11,10,765,3895,409,0,69.54545455,130.4303367,1460,0,389.5,595.7128783,296.6687285,1.336919163,785387.8,2472723.96,9952845,1,15700000,1570775.6,3399243.93,9952845,25,10300000,1141241.556,3330744.132,10000000,1,0,0,0,0,232,208,0.70029099,0.636628173,0,1460,211.8181818,433.5466841,187962.7273,0,0,1,1,0,0,0,1,0,221.9047619,69.54545455,389.5,0,0,0,0,0,0,11,765,10,3895,8192,5113,5,20,165040.5,214849.4457,316962,13119,7688825.0,3201807.789,9952845,5424805
3010,443,6,20782327,8,7,738,3695,386,0,92.25,142.6832156,1460,0,527.8571429,675.6193279,213.3062385,0.721767105,1484451.929,5482558.782,20500000,0,20800000,2968903.857,7781619.314,20600000,62,20700000,3456165.5,8365888.812,20500000,0,0,0,0,0,172,152,0.384942456,0.336824649,0,1460,277.0625,494.7439026,244771.5292,0,0,1,1,0,0,0,1,0,295.5333333,92.25,527.8571429,0,0,0,0,0,0,8,738,7,3695,8192,7485,4,20,249085.0,0.0,249085,249085,20500000.0,0.0,20500000,20500000
3020,443,6,6130872,11,12,2007,4422,1078,0,182.4545455,315.1229486,1460,0,368.5,539.8000472,1048.62734,3.751505495,278676.0,1243754.51,5846483,1,284388,28438.8,29925.58759,80751,31,6083727,553066.0909,1766216.982,5877920,1,0,0,0,0,232,252,1.79419828,1.957307215,0,1460,267.875,440.9364849,194424.9837,0,0,1,1,0,0,0,1,1,279.5217391,182.4545455,368.5,0,0,0,0,0,0,11,2007,12,4422,8192,8003,6,20,284388.0,0.0,284388,284388,5846483.0,0.0,5846483,5846483
3027,0,0,108222900,60,0,0,0,0,0,0.0,0.0,0,0,0.0,0.0,0.0,0.554411312,1834286.441,2412354.426,16200000,6702,108000000,1834286.441,2412354.426,16200000,6702,0,0.0,0.0,0,0,0,0,0,0,0,0,0.554411312,0.0,0,0,0.0,0.0,0.0,0,0,0,0,0,0,0,0,0,0.0,0.0,0.0,0,0,0,0,0,0,60,0,0,0,-1,-1,0,0,36900000.0,36600000.0,62700000,11000000,9885355.333,5493073.897,16200000,5968904
3029,443,6,20846105,6,8,676,3695,387,0,112.6666667,155.3520733,1460,0,461.875,652.749446,209.6794581,0.67158829,1603546.538,5715579.48,20600000,1,146199,29239.8,26017.88161,49215,364,20800000,2971341.571,7785005.889,20600000,1,0,0,0,0,132,172,0.287823553,0.383764737,0,1460,291.4,507.9598972,258023.2571,0,0,1,1,0,0,0,1,1,312.2142857,112.6666667,461.875,0,0,0,0,0,0,6,676,8,3695,8192,7516,3,20,219907.0,0.0,219907,219907,20600000.0,0.0,20600000,20600000
3052,52472,6,2,2,0,31,0,31,0,15.5,21.92031022,0,0,0.0,0.0,15500000.0,1000000.0,2.0,0.0,2,2,2,2.0,0.0,2,2,0,0.0,0.0,0,0,0,0,0,0,40,0,1000000.0,0.0,0,31,10.33333333,17.89785834,320.3333333,0,0,0,0,1,0,0,0,0,15.5,15.5,0.0,0,0,0,0,0,0,2,31,0,0,40927,-1,1,20,0.0,0.0,0,0,0.0,0.0,0,0
3057,80,6,115471618,16,14,443,706,432,0,27.6875,107.8175736,706,0,50.42857143,188.6864368,9.9504971,0.259804102,3981779.931,4883074.606,10000000,14,115000000,7698107.867,4149466.616,10000000,163,110000000,8477318.846,3756764.147,10000000,11668,0,0,0,0,332,424,0.138562188,0.121241914,0,706,37.06451613,146.3425059,21416.12903,0,0,1,1,0,0,0,1,0,38.3,27.6875,50.42857143,0,0,0,0,0,0,16,443,14,706,8192,172,12,20,19551.18182,24802.34168,94323,11470,9999124.909,13717.65361,10000000,9957783
3058,80,6,115761252,16,14,445,706,434,0,27.8125,108.3175694,706,0,50.42857143,188.6864368,9.94287795,0.259154073,3991767.31,4884916.58,10000000,15,116000000,7717416.8,4135179.864,10000000,171,110000000,8476761.538,3756638.52,10000000,11739,0,0,0,0,332,424,0.138215506,0.120938568,0,706,37.12903226,146.5227495,21468.91613,0,0,1,1,0,0,0,1,0,38.36666667,27.8125,50.42857143,0,0,0,0,0,0,16,445,14,706,8192,172,12,20,20662.63636,28851.26775,107645,11468,9997352.545,19952.79025,10000000,9937203
3071,443,6,110691234,21,28,2146,3552,934,0,102.1904762,272.5339647,1400,0,126.8571429,365.9342902,51.47652433,0.442672814,2306067.375,4236126.504,10000000,0,111000000,5534009.75,5069182.257,10000000,256,111000000,4099250.481,4999263.232,10000000,0,0,0,0,0,432,568,0.18971692,0.252955894,0,1400,113.96,323.298116,104521.6718,0,0,1,1,0,0,0,1,1,116.2857143,102.1904762,126.8571429,0,0,0,0,0,0,21,2146,28,3552,8192,15381,15,20,68637.36364,142369.1526,468704,10915,9993198.545,24078.15023,10000000,9937219
3135,443,6,7986016,11,12,2017,4427,1078,0,183.3636364,315.1752759,1460,0,368.9166667,539.6978041,806.9104795,2.8800343,363000.7273,1663773.039,7811809,8,173921,17392.1,23653.28867,77216,45,7964668,724060.7273,2369122.481,7867151,28,0,0,0,0,232,252,1.377407709,1.502626591,0,1460,268.5,440.8583525,194356.087,0,0,1,1,0,0,0,1,1,280.173913,183.3636364,368.9166667,0,0,0,0,0,0,11,2017,12,4427,8192,8002,6,20,173921.0,0.0,173921,173921,7811809.0,0.0,7811809,7811809
3146,0,0,103209437,59,0,0,0,0,0,0.0,0.0,0,0,0.0,0.0,0.0,0.571653152,1779473.052,2362854.44,16800000,531216,103000000,1779473.052,2362854.44,16800000,531216,0,0.0,0.0,0,0,0,0,0,0,0,0,0.571653152,0.0,0,0,0.0,0.0,0.0,0,0,0,0,0,0,0,0,0,0.0,0.0,0.0,0,0,0,0,0,0,59,0,0,0,-1,-1,0,0,37700000.0,33900000.0,61700000,13700000,11600000.0,7465128.522,16800000,6286328
3150,443,6,7928145,6,8,718,3695,388,0,119.6666667,160.8983116,1460,0,461.875,652.749446,556.624532,1.76586074,609857.3077,2155161.114,7782313,1,69982,13996.4,12161.87199,23690,252,7906641,1129520.143,2933732.17,7782313,1,0,0,0,0,132,172,0.75679746,1.00906328,0,1460,294.2,507.5331376,257589.8857,0,0,1,1,0,0,0,1,1,315.2142857,119.6666667,461.875,0,0,0,0,0,0,6,718,8,3695,8192,7474,3,20,145799.0,0.0,145799,145799,7782313.0,0.0,7782313,7782313
3156,443,6,20971010,6,8,675,3695,386,0,112.5,154.9990323,1460,0,461.875,652.749446,208.3829057,0.667588256,1613154.615,5750529.647,20800000,1,146232,29246.4,26012.61038,49046,388,20900000,2989176.714,7832671.283,20800000,1,0,0,0,0,132,172,0.286109253,0.381479004,0,1460,291.3333333,507.9465195,258009.6667,0,0,1,1,0,0,0,1,1,312.1428571,112.5,461.875,0,0,0,0,0,0,6,675,8,3695,8192,7517,3,20,218956.0,0.0,218956,218956,20800000.0,0.0,20800000,20800000
3185,443,6,20869836,6,8,676,3695,387,0,112.6666667,155.3520733,1460,0,461.875,652.749446,209.4410325,0.670824629,1605372.0,5724323.106,20700000,0,140268,28053.6,24906.63812,47219,399,20800000,2975041.714,7797013.888,20700000,0,0,0,0,0,132,172,0.28749627,0.38332836,0,1460,291.4,507.9598972,258023.2571,0,0,1,1,0,0,0,1,1,312.2142857,112.6666667,461.875,0,0,0,0,0,0,6,676,8,3695,8192,7516,3,20,212782.0,0.0,212782,212782,20700000.0,0.0,20700000,20700000
3192,443,6,21499211,6,8,709,3695,388,0,118.1666667,159.6225757,1460,0,461.875,652.749446,204.8447266,0.651186688,1653785.462,5897639.796,21300000,1,140363,28072.6,24942.24579,47461,359,21500000,3064949.286,8033076.388,21300000,1,0,0,0,0,132,172,0.279080009,0.372106679,0,1460,293.6,507.6109027,257668.8286,0,0,1,1,0,0,0,1,1,314.5714286,118.1666667,461.875,0,0,0,0,0,0,6,709,8,3695,8192,7483,3,20,216884.0,0.0,216884,216884,21300000.0,0.0,21300000,21300000
3203,443,6,111914595,18,18,952,1007,470,0,52.88888889,151.7470375,470,0,55.94444444,150.8479843,17.50441933,0.321673862,3197559.857,4672399.653,10000000,1442,112000000,6582530.059,4780301.292,10000000,62493,112000000,6582540.882,4796533.663,10000000,1442,0,0,0,0,360,360,0.160836931,0.160836931,0,470,52.97297297,147.3053304,21698.86036,0,0,0,0,1,0,0,0,1,54.44444444,52.88888889,55.94444444,0,0,0,0,0,0,18,952,18,1007,64206,16568,13,20,178415.6364,380014.4196,1109309,11386,9994585.364,20634.89199,10000000,9952834
3221,443,6,4176779,11,12,2008,4434,1078,0,182.5454545,315.1251699,1460,0,369.5,539.4651392,1542.33681,5.506635616,189853.5909,832906.4004,3917986,1,258621,25862.1,26698.26272,67460,55,4132210,375655.4545,1182406.327,3940091,1,0,0,0,0,232,252,2.633608338,2.873027278,0,1460,268.4166667,440.8520324,194350.5145,0,0,1,1,0,0,0,1,1,280.0869565,182.5454545,369.5,0,0,0,0,0,0,11,2008,12,4434,8192,7856,6,20,0.0,0.0,0,0,0.0,0.0,0,0
3223,443,6,20915259,6,8,708,3695,387,0,118.0,159.2846509,1460,0,461.875,652.749446,210.5161595,0.669367757,1608866.077,5737316.023,20700000,1,139824,27964.8,24867.99477,46806,257,20900000,2981452.429,7814795.968,20700000,1,0,0,0,0,132,172,0.286871896,0.382495861,0,1460,293.5333333,507.5976847,257655.4095,0,0,1,1,0,0,0,1,1,314.5,118.0,461.875,0,0,0,0,0,0,6,708,8,3695,8192,7484,3,20,211452.0,0.0,211452,211452,20700000.0,0.0,20700000,20700000
3225,443,6,4589218,11,12,2008,4434,1078,0,182.5454545,315.1251699,1460,0,369.5,539.4651392,1403.724992,5.011747099,208600.8182,904656.878,4257330,1,331661,33166.1,37481.10655,92933,44,4497862,408896.5455,1292149.457,4304270,1,0,0,0,0,232,252,2.396922526,2.614824574,0,1460,268.4166667,440.8520324,194350.5145,0,0,1,1,0,0,0,1,1,280.0869565,182.5454545,369.5,0,0,0,0,0,0,11,2008,12,4434,8192,7856,6,20,0.0,0.0,0,0,0.0,0.0,0,0
