index,dst_port,protocol,flow_duration,tot_fwd_pkts,tot_bwd_pkts,totlen_fwd_pkts,totlen_bwd_pkts,fwd_pkt_len_max,fwd_pkt_len_min,fwd_pkt_len_mean,fwd_pkt_len_std,bwd_pkt_len_max,bwd_pkt_len_min,bwd_pkt_len_mean,bwd_pkt_len_std,flow_byts/s,flow_pkts/s,flow_iat_mean,flow_iat_std,flow_iat_max,flow_iat_min,fwd_iat_tot,fwd_iat_mean,fwd_iat_std,fwd_iat_max,fwd_iat_min,bwd_iat_tot,bwd_iat_mean,bwd_iat_std,bwd_iat_max,bwd_iat_min,fwd_psh_flags,bwd_psh_flags,fwd_urg_flags,bwd_urg_flags,fwd_header_len,bwd_header_len,fwd_pkts/s,bwd_pkts/s,pkt_len_min,pkt_len_max,pkt_len_mean,pkt_len_std,pkt_len_var,fin_flag_cnt,syn_flag_cnt,rst_flag_cnt,psh_flag_cnt,ack_flag_cnt,urg_flag_cnt,cwe_flag_count,ece_flag_cnt,down/up_ratio,pkt_size_avg,fwd_seg_size_avg,bwd_seg_size_avg,fwd_byts/b_avg,fwd_pkts/b_avg,fwd_blk_rate_avg,bwd_byts/b_avg,bwd_pkts/b_avg,bwd_blk_rate_avg,subflow_fwd_pkts,subflow_fwd_byts,subflow_bwd_pkts,subflow_bwd_byts,init_fwd_win_byts,init_bwd_win_byts,fwd_act_data_pkts,fwd_seg_size_min,active_mean,active_std,active_max,active_min,idle_mean,idle_std,idle_max,idle_min
2983,443,6,6144803,10,12,646,3485,322,0,64.6,114.0333285,1432,0,290.4166667,476.4526989,672.2754171,3.580261239,292609.6667,1311763.252,6017361,0,6144803,682755.8889,2000561.039,6017432,751,6133015,557546.8182,1810937.929,6017379,0,0,0,0,0,212,252,1.627391472,1.952869767,0,1432,179.6086957,364.6904963,132999.1581,0,0,1,1,0,0,0,1,1,187.7727273,64.6,290.4166667,0,0,0,0,0,0,10,646,12,3485,8192,66,3,20,127371.0,0.0,127371,127371,6017361.0,0.0,6017361,6017361
2991,3389,6,10989699,5,3,110,1880,110,0,22.0,49.1934955,1880,0,626.6666667,1085.418506,181.0786628,0.727954424,1569957.0,2681926.966,5989358,57,11000000,2747424.75,3173730.024,5989358,329,6016126,3008063.0,4245600.636,6010156,5970,0,0,0,0,112,72,0.454971515,0.272982909,0,1880,221.1111111,623.1461394,388311.1111,0,0,1,1,0,0,0,1,0,248.75,22.0,626.6666667,0,0,0,0,0,0,5,110,3,1880,8192,63890,1,20,329.0,0.0,329,329,5989358.0,0.0,5989358,5989358
3020,443,6,6130872,11,12,2007,4422,1078,0,182.4545455,315.1229486,1460,0,368.5,539.8000472,1048.62734,3.751505495,278676.0,1243754.51,5846483,1,284388,28438.8,29925.58759,80751,31,6083727,553066.0909,1766216.982,5877920,1,0,0,0,0,232,252,1.79419828,1.957307215,0,1460,267.875,440.9364849,194424.9837,0,0,1,1,0,0,0,1,1,279.5217391,182.4545455,368.5,0,0,0,0,0,0,11,2007,12,4422,8192,8003,6,20,284388.0,0.0,284388,284388,5846483.0,0.0,5846483,5846483
3023,443,6,20854972,6,8,705,3695,384,0,117.5,158.2728656,1460,0,461.875,652.749446,210.9808635,0.671302747,1604228.615,5673045.5,20500000,0,148619,29723.8,26436.72854,50019,348,20800000,2972495.0,7722324.472,20500000,0,0,0,0,0,132,172,0.287701177,0.38360157,0,1460,293.3333333,507.5588167,257615.9524,0,0,1,1,0,0,0,1,1,314.2857143,117.5,461.875,0,0,0,0,0,0,6,705,8,3695,8192,7487,3,20,370526.0,0.0,370526,370526,20500000.0,0.0,20500000,20500000
3042,443,6,116771293,30,49,1113,47776,421,0,37.1,101.1285798,1460,0,975.0204082,660.1163878,418.6731066,0.676536141,1497067.859,3524041.221,10000000,0,117000000,4026596.31,4870605.589,10000000,13,111000000,2321046.354,4249299.26,10000000,0,0,0,0,0,612,1124,0.256912459,0.419623683,0,1460,611.1125,693.1851451,480505.6454,0,0,1,1,0,0,0,1,1,618.8481013,37.1,975.0204082,0,0,0,0,0,0,30,1113,49,47776,8192,127,16,20,112868.0,335857.3319,1179357,15523,9618072.0,1345745.514,10000000,5345136
3060,80,6,119359894,18,15,883,1576,436,0,49.05555556,140.7724372,788,0,105.0666667,277.2702309,20.60155985,0.276474776,3729996.687,4746376.388,10000000,41,119000000,7021170.235,4387555.91,10000000,279,114000000,8117172.857,3851548.376,10000000,746,0,0,0,0,372,444,0.150804423,0.125670353,0,788,72.32352941,209.2010372,43765.07398,0,0,1,1,0,0,0,1,0,74.51515152,49.05555556,105.0666667,0,0,0,0,0,0,18,883,15,1576,8192,290,13,20,333363.8182,1066834.947,3549992,11225,9997592.909,20015.11822,10000000,9937256
3081,443,6,116515924,13,12,639,3903,206,0,49.15384615,72.9769897,1460,0,325.25,551.6443395,38.98179617,0.214562947,4854830.167,16400000.0,58200000,1,117000000,9709660.333,22600000.0,58200000,191,116000000,10600000.0,23500000.0,58300000,1,0,0,0,0,272,252,0.111572732,0.102990214,0,1460,174.6923077,395.9162305,156749.6615,0,0,1,1,0,0,0,1,0,181.68,49.15384615,325.25,0,0,0,0,0,0,13,639,12,3903,8192,123,6,20,103319.5,35882.13361,128692,77947,58100000.0,187881.1002,58200000,58000000
3089,443,6,116245082,13,10,601,3190,201,0,46.23076923,69.68399367,1430,0,319.0,552.6815438,32.61213236,0.197857833,5283867.364,17100000.0,58000000,1,116000000,9687090.167,22600000.0,58000000,195,116000000,12900000.0,25600000.0,58100000,1,0,0,0,0,272,212,0.111832688,0.086025145,0,1430,157.9583333,376.133473,141476.3895,0,0,1,1,0,0,0,1,0,164.826087,46.23076923,319.0,0,0,0,0,0,0,13,601,10,3190,8192,176,6,20,100726.0,54266.20282,139098,62354,58000000.0,11060.56427,58000000,58000000
3105,443,6,117018538,15,15,1053,3661,402,0,70.2,112.5923113,1430,0,244.0666667,444.7158751,40.28421548,0.256369636,4035122.0,15000000.0,58800000,0,117000000,8358467.0,21200000.0,58800000,25,117000000,8353998.429,21200000.0,58800000,0,0,0,0,0,312,312,0.128184818,0.128184818,0,1430,152.0645161,326.4406976,106563.529,0,0,1,1,0,0,0,1,1,157.1333333,70.2,244.0666667,0,0,0,0,0,0,15,1053,15,3661,8192,180,8,20,111665.5,69773.76163,161003,62328,58400000.0,542474.6449,58800000,58000000
3158,443,6,6706024,11,12,2008,4436,1078,0,182.5454545,315.1251699,1460,0,369.6666667,539.4206207,960.9270709,3.429752115,304819.2727,1368939.902,6433204,0,272630,27263.0,28484.24092,74097,46,6659333,605393.9091,1942016.222,6460358,0,0,0,0,0,232,252,1.640316229,1.789435886,0,1460,268.5,440.845926,194345.1304,0,0,1,1,0,0,0,1,1,280.173913,182.5454545,369.6666667,0,0,0,0,0,0,11,2008,12,4436,8192,8002,6,20,272630.0,0.0,272630,272630,6433204.0,0.0,6433204,6433204
3172,443,6,6698700,11,12,2008,4435,1078,0,182.5454545,315.1251699,1460,0,369.5833333,539.450808,961.8284145,3.433502023,304486.3636,1367754.865,6427602,1,270926,27092.6,28806.76364,77769,45,6653656,604877.8182,1941941.56,6459653,1,0,0,0,0,232,252,1.642109663,1.79139236,0,1460,268.4583333,440.8536166,194351.9112,0,0,1,1,0,0,0,1,1,280.1304348,182.5454545,369.5833333,0,0,0,0,0,0,11,2008,12,4435,8192,8002,6,20,270926.0,0.0,270926,270926,6427602.0,0.0,6427602,6427602
3174,443,6,20558282,6,8,709,3695,388,0,118.1666667,159.6225757,1460,0,461.875,652.749446,214.2202349,0.680990756,1581406.308,5637570.23,20300000,0,140148,28029.6,24951.22703,47096,251,20500000,2930530.714,7678754.186,20300000,0,0,0,0,0,132,172,0.291853181,0.389137575,0,1460,293.6,507.6109027,257668.8286,0,0,1,1,0,0,0,1,1,314.5714286,118.1666667,461.875,0,0,0,0,0,0,6,709,8,3695,8192,7483,3,20,214104.0,0.0,214104,214104,20300000.0,0.0,20300000,20300000
3217,443,6,10121630,11,12,2013,4431,1077,0,183.0,314.8628273,1460,0,369.25,539.5847098,636.6563488,2.27236127,460074.0909,2118747.051,9945946,1,175623,17562.3,24237.59201,79223,46,10100000,918180.0909,3013074.38,10000000,1,0,0,0,0,232,252,1.086781477,1.185579793,0,1460,268.5,440.7684002,194276.7826,0,0,1,1,0,0,0,1,1,280.173913,183.0,369.25,0,0,0,0,0,0,11,2013,12,4431,8192,8003,6,20,175623.0,0.0,175623,175623,9945946.0,0.0,9945946,9945946
3225,443,6,4589218,11,12,2008,4434,1078,0,182.5454545,315.1251699,1460,0,369.5,539.4651392,1403.724992,5.011747099,208600.8182,904656.878,4257330,1,331661,33166.1,37481.10655,92933,44,4497862,408896.5455,1292149.457,4304270,1,0,0,0,0,232,252,2.396922526,2.614824574,0,1460,268.4166667,440.8520324,194350.5145,0,0,1,1,0,0,0,1,1,280.0869565,182.5454545,369.5,0,0,0,0,0,0,11,2008,12,4434,8192,7856,6,20,0.0,0.0,0,0,0.0,0.0,0,0
