1.000000000000000000e+03,8.589493656145318345e-01,1.000000000000000000e+00
1.001000000000000000e+03,8.642225076532102923e-01,1.000000000000000000e+00
1.002000000000000000e+03,8.560427876852521045e-01,1.000000000000000000e+00
1.003000000000000000e+03,8.522527482790378528e-01,1.000000000000000000e+00
1.004000000000000000e+03,8.537189140981178426e-01,1.000000000000000000e+00
1.005000000000000000e+03,8.544964801000407562e-01,1.000000000000000000e+00
1.006000000000000000e+03,8.596498872842658345e-01,1.000000000000000000e+00
1.007000000000000000e+03,8.691716711035855081e-01,1.000000000000000000e+00
1.008000000000000000e+03,8.549939878075748512e-01,1.000000000000000000e+00
1.009000000000000000e+03,8.578673719715025348e-01,1.000000000000000000e+00
1.010000000000000000e+03,8.545468904580961755e-01,1.000000000000000000e+00
1.011000000000000000e+03,8.538440747188668078e-01,1.000000000000000000e+00
1.012000000000000000e+03,8.583240210672855586e-01,1.000000000000000000e+00
1.013000000000000000e+03,8.532199745772218735e-01,1.000000000000000000e+00
1.014000000000000000e+03,8.596999781935372731e-01,1.000000000000000000e+00
1.015000000000000000e+03,8.533110189640172871e-01,1.000000000000000000e+00
1.016000000000000000e+03,8.678296072522235782e-01,1.000000000000000000e+00
1.017000000000000000e+03,8.533110189640172871e-01,1.000000000000000000e+00
1.018000000000000000e+03,8.633680655551333460e-01,1.000000000000000000e+00
1.019000000000000000e+03,8.561661534541853413e-01,1.000000000000000000e+00
1.020000000000000000e+03,7.213179927724543417e-01,1.000000000000000000e+00
1.021000000000000000e+03,6.535469583394687421e-01,1.000000000000000000e+00
1.022000000000000000e+03,6.847402516425471486e-01,1.000000000000000000e+00
1.023000000000000000e+03,6.546885188834854485e-01,1.000000000000000000e+00
1.024000000000000000e+03,7.066760911074122520e-01,1.000000000000000000e+00
1.025000000000000000e+03,6.275087852758588491e-01,1.000000000000000000e+00
1.026000000000000000e+03,7.029807186523862050e-01,1.000000000000000000e+00
1.027000000000000000e+03,6.586894188409839757e-01,1.000000000000000000e+00
1.028000000000000000e+03,7.246768383017836435e-01,1.000000000000000000e+00
1.029000000000000000e+03,7.007270497087455530e-01,1.000000000000000000e+00
1.030000000000000000e+03,6.499496428125640657e-01,1.000000000000000000e+00
1.031000000000000000e+03,6.784200841482227462e-01,1.000000000000000000e+00
1.032000000000000000e+03,6.808016841197166436e-01,1.000000000000000000e+00
1.033000000000000000e+03,6.744191841907236640e-01,1.000000000000000000e+00
1.034000000000000000e+03,7.007600033952141594e-01,1.000000000000000000e+00
1.035000000000000000e+03,6.915052535914035792e-01,1.000000000000000000e+00
1.036000000000000000e+03,6.325341708289776710e-01,1.000000000000000000e+00
1.037000000000000000e+03,6.915052535914035792e-01,1.000000000000000000e+00
1.038000000000000000e+03,7.041222791964024674e-01,1.000000000000000000e+00
1.039000000000000000e+03,6.535469583394687421e-01,1.000000000000000000e+00
1.040000000000000000e+03,8.589182393274588101e-01,1.000000000000000000e+00
1.041000000000000000e+03,8.592104079370432856e-01,1.000000000000000000e+00
1.042000000000000000e+03,8.576931438893127257e-01,1.000000000000000000e+00
1.043000000000000000e+03,9.020572420641570499e-01,1.000000000000000000e+00
1.044000000000000000e+03,8.679038395680582774e-01,1.000000000000000000e+00
1.045000000000000000e+03,8.660010005010483347e-01,1.000000000000000000e+00
1.046000000000000000e+03,8.892168962375410768e-01,1.000000000000000000e+00
1.047000000000000000e+03,8.589182393274588101e-01,1.000000000000000000e+00
1.048000000000000000e+03,8.620584656684451286e-01,1.000000000000000000e+00
1.049000000000000000e+03,9.061160407718743537e-01,1.000000000000000000e+00
1.050000000000000000e+03,8.739449108220566087e-01,1.000000000000000000e+00
1.051000000000000000e+03,8.639958866221636447e-01,1.000000000000000000e+00
1.052000000000000000e+03,8.867552662750363135e-01,1.000000000000000000e+00
1.053000000000000000e+03,8.606806180262194239e-01,1.000000000000000000e+00
1.054000000000000000e+03,8.601333644790992716e-01,1.000000000000000000e+00
1.055000000000000000e+03,8.589182393274588101e-01,1.000000000000000000e+00
1.056000000000000000e+03,9.001964720574686663e-01,1.000000000000000000e+00
1.057000000000000000e+03,8.601333644790992716e-01,1.000000000000000000e+00
1.058000000000000000e+03,8.621010822758107262e-01,1.000000000000000000e+00
1.059000000000000000e+03,8.595492923898876425e-01,1.000000000000000000e+00
1.060000000000000000e+03,3.028931858022058665e-01,1.000000000000000000e+00
1.061000000000000000e+03,2.668715343755642677e-01,1.000000000000000000e+00
1.062000000000000000e+03,2.694401089855479325e-01,1.000000000000000000e+00
1.063000000000000000e+03,2.493266773149210025e-01,1.000000000000000000e+00
1.064000000000000000e+03,2.842736281365338402e-01,1.000000000000000000e+00
1.065000000000000000e+03,2.424845201387427762e-01,1.000000000000000000e+00
1.066000000000000000e+03,2.719352058547135353e-01,1.000000000000000000e+00
1.067000000000000000e+03,2.862113931987679827e-01,1.000000000000000000e+00
1.068000000000000000e+03,2.754832241371870660e-01,1.000000000000000000e+00
1.069000000000000000e+03,1.743913738106116496e-01,1.000000000000000000e+00
1.070000000000000000e+03,2.085078774646297872e-01,1.000000000000000000e+00
1.071000000000000000e+03,1.582684089866578381e-01,1.000000000000000000e+00
1.072000000000000000e+03,2.527458347067554900e-01,1.000000000000000000e+00
1.073000000000000000e+03,2.958280318585500557e-01,1.000000000000000000e+00
1.074000000000000000e+03,1.904887951353296527e-01,1.000000000000000000e+00
1.075000000000000000e+03,1.741237554372648266e-01,1.000000000000000000e+00
1.076000000000000000e+03,2.900659227627311876e-01,1.000000000000000000e+00
1.077000000000000000e+03,2.903403709818199174e-01,1.000000000000000000e+00
1.078000000000000000e+03,2.610724057146071586e-01,1.000000000000000000e+00
1.079000000000000000e+03,1.976133941116730852e-01,1.000000000000000000e+00
